0,0,0         // 0
209,115,137         // 1
209,115,137         // 2
209,115,137         // 3
209,115,137         // 4
209,115,137         // 5
209,115,137         // 6
209,115,137         // 7
209,115,137         // 8
209,115,137         // 9
209,115,137         // 10
209,115,137         // 11
209,115,137         // 12
209,115,137         // 13
209,115,137         // 14
209,115,137         // 15
209,115,137         // 16
209,115,137         // 17
209,115,137         // 18
209,115,137         // 19
209,115,137         // 20
209,115,137         // 21
209,115,137         // 22

